05_ellers 009 009 00033 00014
05_ellers 129 129 10292 00543
05_ellers 017 017 00161 00037
05_ellers 065 065 02745 00226
05_ellers 033 033 00690 00092
06_hunt_kill 009 009 00026 00016
06_hunt_kill 129 129 11194 00543
06_hunt_kill 017 017 00132 00047
06_hunt_kill 065 065 02714 00260
06_hunt_kill 033 033 00616 00116
02_backtracker 009 009 00027 00015
02_backtracker 129 129 08101 01706
02_backtracker 017 017 00116 00048
02_backtracker 065 065 02008 00530
02_backtracker 033 033 00483 00158
08_prims 009 009 00031 00013
08_prims 129 129 08833 00290
08_prims 017 017 00138 00031
08_prims 065 065 02247 00142
08_prims 033 033 00552 00068
01_aldous 257 257 35712 01221
01_aldous 009 009 00030 00014
01_aldous 129 129 08725 00515
01_aldous 017 017 00130 00036
01_aldous 065 065 02174 00218
01_aldous 033 033 00544 00090
10_sidewinder 009 009 00021 00013
10_sidewinder 129 129 01701 00325
10_sidewinder 017 017 00070 00032
10_sidewinder 065 065 00594 00155
10_sidewinder 033 033 00208 00072
03_binary 009 009 00031 00013
03_binary 129 129 08757 00253
03_binary 017 017 00134 00029
03_binary 065 065 02155 00125
03_binary 033 033 00537 00061
04_blobby_recursive 009 009 00029 00014
04_blobby_recursive 129 129 08721 00644
04_blobby_recursive 017 017 00129 00039
04_blobby_recursive 065 065 02216 00255
04_blobby_recursive 033 033 00541 00099
11_wilsons 009 009 00029 00014
11_wilsons 129 129 08824 00519
11_wilsons 017 017 00132 00036
11_wilsons 065 065 02198 00218
11_wilsons 033 033 00546 00091
09_recursive_divide 009 009 00030 00014
09_recursive_divide 129 129 08811 00595
09_recursive_divide 017 017 00133 00037
09_recursive_divide 065 065 02134 00240
09_recursive_divide 033 033 00544 00094
7_kruskals 009 009 00027 00014
7_kruskals 129 129 08603 00472
7_kruskals 017 017 00123 00035
7_kruskals 065 065 02116 00202
7_kruskals 033 033 00527 00085
