01_aldous 009 009 00030 00014
01_aldous 017 017 00129 00036
01_aldous 033 033 00540 00090
01_aldous 065 065 02192 00225
01_aldous 129 129 09023 00522
01_aldous 257 257 34516 01212
02_backtracker 009 009 00026 00015
02_backtracker 017 017 00115 00048
02_backtracker 033 033 00498 00159
02_backtracker 065 065 02130 00527
02_backtracker 129 129 07873 01708
02_backtracker 257 257 32895 05623
03_binary 009 009 00031 00013
03_binary 017 017 00130 00029
03_binary 033 033 00539 00061
03_binary 065 065 02155 00125
03_binary 129 129 08600 00253
03_binary 257 257 34509 00509
04_blobby_recursive 009 009 00030 00014
04_blobby_recursive 017 017 00130 00039
04_blobby_recursive 033 033 00543 00100
04_blobby_recursive 065 065 02119 00249
04_blobby_recursive 129 129 08963 00656
04_blobby_recursive 257 257 34995 01608
05_ellers 009 009 00034 00014
05_ellers 017 017 00162 00037
05_ellers 033 033 00700 00094
05_ellers 065 065 02798 00226
05_ellers 129 129 09646 00548
05_ellers 257 257 35809 01272
06_hunt_kill 009 009 00026 00016
06_hunt_kill 017 017 00129 00048
06_hunt_kill 033 033 00632 00117
06_hunt_kill 065 065 02628 00253
06_hunt_kill 129 129 11263 00548
06_hunt_kill 257 257 43578 01078
08_prims 009 009 00032 00013
08_prims 017 017 00139 00031
08_prims 033 033 00561 00068
08_prims 065 065 02234 00141
08_prims 129 129 08607 00292
08_prims 257 257 36403 00582
09_recursive_divide 009 009 00030 00014
09_recursive_divide 017 017 00127 00037
09_recursive_divide 033 033 00546 00093
09_recursive_divide 065 065 02169 00240
09_recursive_divide 129 129 08894 00601
09_recursive_divide 257 257 34056 01532
10_sidewinder 009 009 00022 00013
10_sidewinder 017 017 00069 00032
10_sidewinder 033 033 00220 00071
10_sidewinder 065 065 00572 00156
10_sidewinder 129 129 01711 00324
10_sidewinder 257 257 04587 00669
11_wilsons 009 009 00029 00014
11_wilsons 017 017 00135 00037
11_wilsons 033 033 00529 00091
11_wilsons 065 065 02166 00218
11_wilsons 129 129 09080 00519
11_wilsons 257 257 33421 01241
