01_aldous 009 009 00029 00029 00014 00003
01_aldous 017 017 00128 00133 00036 00016
01_aldous 033 033 00542 00543 00090 00072
01_aldous 065 065 02188 02188 00218 00295
01_aldous 129 129 08899 08667 00529 01195
01_aldous 257 257 35401 34928 01233 04806
02_backtracker 009 009 00026 00026 00015 00001
02_backtracker 017 017 00116 00115 00048 00006
02_backtracker 033 033 00472 00495 00156 00024
02_backtracker 065 065 02020 02002 00518 00099
02_backtracker 129 129 08236 08034 01698 00398
02_backtracker 257 257 32837 33276 05663 01614
03_binary 009 009 00031 00032 00013 00003
03_binary 017 017 00132 00135 00029 00016
03_binary 033 033 00549 00534 00061 00063
03_binary 065 065 02194 02153 00125 00255
03_binary 129 129 08751 08652 00253 01023
03_binary 257 257 34717 34910 00509 04095
04_blobby_recursive 009 009 00029 00029 00014 00003
04_blobby_recursive 017 017 00131 00130 00038 00016
04_blobby_recursive 033 033 00535 00546 00101 00070
04_blobby_recursive 065 065 02224 02143 00254 00287
04_blobby_recursive 129 129 08783 08752 00637 01166
04_blobby_recursive 257 257 35341 34866 01607 04691
05_ellers 009 009 00034 00024 00014 00003
05_ellers 017 017 00164 00097 00037 00016
05_ellers 033 033 00691 00391 00092 00070
05_ellers 065 065 02748 01629 00228 00292
05_ellers 129 129 10040 07516 00543 01183
05_ellers 257 257 35282 35013 01276 04771
06_hunt_kill 009 009 00026 00026 00016 00001
06_hunt_kill 017 017 00132 00104 00047 00006
06_hunt_kill 033 033 00618 00391 00116 00025
06_hunt_kill 065 065 02718 01432 00258 00100
06_hunt_kill 129 129 10873 05870 00541 00399
06_hunt_kill 257 257 44444 22649 01088 01597
07_kruskals 009 009 00040 00024 00013 00004
07_kruskals 017 017 00154 00117 00035 00020
07_kruskals 033 033 00598 00502 00085 00080
07_kruskals 065 065 02300 02110 00201 00318
07_kruskals 129 129 08969 08675 00471 01265
07_kruskals 257 257 35516 35062 01102 05046
08_prims 009 009 00031 00030 00013 00004
08_prims 017 017 00136 00134 00031 00019
08_prims 033 033 00549 00550 00068 00081
08_prims 065 065 02228 02191 00142 00328
08_prims 129 129 09025 08673 00290 01320
08_prims 257 257 36174 34655 00585 05298
09_recursive_divide 009 009 00030 00029 00014 00003
09_recursive_divide 017 017 00132 00132 00037 00017
09_recursive_divide 033 033 00548 00540 00094 00072
09_recursive_divide 065 065 02179 02203 00238 00295
09_recursive_divide 129 129 08830 08727 00596 01184
09_recursive_divide 257 257 35975 34292 01508 04741
10_sidewinder 009 009 00021 00041 00013 00003
10_sidewinder 017 017 00071 00197 00032 00017
10_sidewinder 033 033 00201 00888 00072 00071
10_sidewinder 065 065 00601 03779 00155 00289
10_sidewinder 129 129 01600 15949 00325 01171
10_sidewinder 257 257 04700 65533 00670 04703
11_wilsons 009 009 00030 00029 00014 00003
11_wilsons 017 017 00129 00132 00036 00016
11_wilsons 033 033 00533 00550 00090 00072
11_wilsons 065 065 02212 02166 00216 00296
11_wilsons 129 129 08875 08679 00524 01196
11_wilsons 257 257 34336 35992 01239 04805
